@1type_voting_custom,@1type_voting_system,@1type_voting_poll